0.006862398
-0.01146363
0.009942721
0.03954264
0.007288662
0.006514681
-0.01820218
-0.04662499
-0.01864856
-0.008664883
-0.01354063
0.02063565
0.0124904
0.008497541
0.02130979
0.001504891
-0.0007521625
-0.01669235
-0.01931308
-0.0007803356
0.003117695
0.01083602
0.002306806
0.004597709
0.008374621
0.009056666
0.0007510327
-0.02201227
-0.008477893
0.0038625
0.001540832
0.005374293
-0.008458336
-0.02106984
-0.00315956
-0.002376239
0.001584786
0.01180651
0.07751152
0.07596825
0.027145
0.03718377
-0.02484996
-0.05027514
-0.02403137
-0.04404121
-0.04303335
-0.0300138
0
-0.008630889
-0.003157067
0.01412896
-0.009397093
0.007056086
-0.01495502
-0.000793336
-0.0216615
-0.02463179
-0.01676485
-0.03177597
0.01127995
-0.006058002
0.009503311
0.01111598
0.007623925
0.01673679
0.001658375
-0.009155287
-0.006711435
-0.003372684
0.01091989
0.02475374
0.03837401
0.02784403
0.008355537
0.006784798
-0.03051343
-0.02907867
-0.00881063
-0.01703895
0.007337986
0.03590334
0.007806441
-0.00233554
-0.00390473
-0.01975568
-0.006405146
0.007202912
0.002389487
-0.002389487
0.003184716
0.007128743
0.003938564
-0.004728141
0.001578532
-0.01509762
-0.004815419
0.01516995
0.002374358
0.00473187
0.01017621
0.01622284
0.006111555
0
-0.006111555
-0.02012452
0.01088658
0.01458759
-0.01691047
0.009259325
-0.02567236
-0.01588596
0.03307388
-0.01090353
0.01090353
0.007716088
-0.02332921
-0.009486237
-0.01520638
-0.01053921
0.01937107
0.01428596
0.01408474
-0.004672906
-0.02529779
-0.02431238
-0.009064751
0.007422714
0.01062536
0.01292425
0.007993648
0.002385687
0.003172088
0.006314149
-0.002363136
-0.002368734
-0.009531446
-0.005602256
-0.0008028904
0.008796538
0.01892801
0
0.00389864
-0.006245141
-0.02137003
0.002397125
-0.003998406
0.01747463
0.02488464
0.008413052
0.008342862
-0.001511716
-0.001514005
0.01801851
0.01256948
-0.0007350239
0.01314847
0.002174702
0.01151921
0.009971593
-0.02004362
-0.02489148
0.004437877
0.002947681
0.01605874
0.01294982
-0.008614554
-0.003611416
0.002890175
0.02141409
0.009838449
0.02894758
0.004067802
-0.002710029
-0.01297389
-0.01175264
0.01106512
0.0006875215
0.01229524
-0.0006791172
-0.005449605
0.01086967
0.007404948
0.008016075
0.01976349
-0.00720134
0.004588668
0.013641
0.02673616
0.04723356
0.02660518
0.0127538
-0.007516659
-0.003488376
0.006386088
0.01436394
0.03475686
0.02233817
0.02185006
0.006305854
-0.002622608
-0.001576873
0.004199481
0.02636493
0.02916245
0.02544169
0.01866529
0.02712982
0.01374907
0.02472592
0.001774623
-0.03014852
-0.00687603
0.001838236
0.02404289
0.05493971
0.03583717
0.01664337
0.02739897
0.00896867
0.008888947
0.007283912
0.002289204
0.004942036
-0.002658061
-0.01996994
-0.008570368
-0.01776246
-0.02051973
0.01051364
-0.007672156
-0.005691072
0.002036246
-0.01186836
-0.01034563
0.0008316009
-0.005417809
-0.009657854
-0.02089183
-0.02089758
-0.003084382
-0.007975231
0.003995566
0.0008857397
-0.01202419
0.00402415
0.001337793
-0.008952611
-0.01085002
-0.004555817
-0.01148118
-0.01442221
-0.002345767
-0.01133692
-0.005239355
0.0004774409
-0.01152197
-0.02345002
-0.02350696
-0.007620052
-0.004600059
-0.001538067
-0.003598051
-0.02133831
-0.01537269
0.01484651
0.001577702
0.02080158
-0.001545197
-0.009321663
0.01497575
-0.004108891
0.00308325
-0.005659907
-0.01455327
-0.01529969
0.003714517
0.0005295208
-0.001589404
-0.005316334
-0.01503788
-0.01526747
0.002743486
0.007641959
0.00379919
0.004324331
-0.003782766
-0.005973409
0.003262646
-0.002718132
-0.0153596
0.005512693
0.0005496016
0.01201544
0.02360625
0.01264506
-0.0005236973
-0.004725659
-0.01645036
-0.02272825
-0.002740479
-0.004400447
-0.00331309
0.008262234
-0.008262234
-0.01504626
0.003922672
-0.01408077
-0.00682985
-0.01438046
-0.01224148
-0.003525268
-0.004128582
0.009997143
-0.01651955
-0.008963311
0.005387622
-0.001792651
0.02480931
0.004075697
-0.01876888
0.002365465
-0.03119629
-0.0215592
0.007444203
-0.01306395
0.00810731
0.008658063
-0.01176849
0.007448824
-0.003096937
0.01416716
0.04368029
0.0110627
0.006924436
0.0005748779
-0.02915658
-0.007125921
-0.0005961252
-0.004182856
0.001794796
-0.002993118
-0.003002104
0.002402404
-0.006016865
-0.007268354
-0.001825373
-0.006721687
0.002449481
0.001833181
0.005479466
0.01207015
0.004190368
-0.001793722
-0.005400553
-0.01149786
-0.01656988
-0.001858161
-0.003726712
-0.0112642
-0.00758058
-0.01147972
-0.001283697
-0.003216471
-0.009711957
-0.01112213
-0.007263155
-0.007316295
-0.006316295
-0.03639087
-0.01506743
-0.002643756
-0.01533875
-0.00404041
-0.01495609
-0.004806051
0.004806051
0.005464494
0.006112073
-0.001355014
-0.01159236
0.01227009
0.008769028
0.01598968
0.009210591
-0.009210591
-0.007962882
-0.01071678
0.006042314
0.002673798
0.009302393
0.008561132
-0.0006559528
-0.003286234
-0.01525734
0.004002674
-0.008021433
0
0.007355433
-0.01408946
0.005390849
0.003354582
0
0.01594718
0.0104919
0
0.003256271
-0.02835666
-0.004021453
-0.002016807
-0.008108153
0.01012496
0.03950481
0.020448
0.0150662
0.0062112
-0.06788778
-0.03369591
-0.01798112
-0.009113277
0.04070931
-0.01636028
-0.03283564
0.002836881
-0.001417435
0.002125399
0.01614637
-0.01685433
-0.01498423
-0.002879772
-0.01379332
0.01162804
0.02497454
0.01121245
0.009018445
-0.01041315
-0.03118609
-0.01742964
0.002926118
0
0.01594237
0.007876876
-0.01654119
0.007225465
-0.004329011
-0.004347833
0.01011569
-0.006491188
0.005772022
-0.00432589
-0.008708328
-0.01246807
-0.01113184
0.001491425
-0.01048699
-0.02054085
-0.01315299
-0.01728244
-0.004765696
0.05272539
0.03342309
0.02666825
0.01971895
-0.01829748
-0.02008676
-0.0145988
-0.02305792
-0.02283204
0.01071986
0.02482264
0.01328433
0.0145563
